[CS62] E1 41    1 24 41.9 -44 31 42  6.270  1.084  1.146  0.577  0.517 0.003 0.006 0.002 0.001 0.004  5
[CS62] E1 35    1 22 02.2 -44 25 30  9.471  1.679  1.427  0.777  0.722 0.007 0.008 0.005 0.005 0.005  6
[CS62] E1 20    1 23 16.4 -44 40 18  9.855  0.275  0.736  0.402  0.387 0.008 0.009 0.008 0.004 0.005  5
[CS62] E1 44    1 24 12.3 -44 27 01 10.885  0.146  0.620  0.359  0.334 0.013 0.014 0.012 0.005 0.014  4
[CS62] E1 49    1 24 57.6 -44 38 27 11.640  0.019  0.564  0.332  0.327 0.017 0.009 0.013 0.010 0.014  4
[CS62] E1 a     1 25 19.5 -44 27 02 12.666  0.020  0.615  0.341  0.335 0.010 0.012 0.007 0.005 0.005  4
[CS62] E1 h     1 24 40.0 -44 33 55 13.828  0.235  0.722  0.375  0.373 0.010 0.010 0.011 0.011 0.014  4
[CS62] E1 i     1 24 48.1 -44 38 31 13.759  0.614  0.916  0.514  0.446 0.008 0.017 0.005 0.007 0.013  4
[CS62] E1 p     1 24 04.6 -44 23 42 14.778  0.383  0.799  0.475  0.461 0.009 0.017 0.006 0.006 0.012  4
[CS62] E2 2     4 03 44.9 -44 43 59  7.638  0.115  0.177  0.087  0.089 0.003 0.002 0.003 0.003 0.003 12
[CS62] E2 36    4 04 47.6 -44 40 07  8.032  1.952  1.608  0.923  0.992 0.022 0.015 0.012 0.004 0.007  4
[CS62] E2 4     4 02 16.3 -44 39 49  8.190  0.157  0.127  0.061  0.067 0.005 0.005 0.002 0.003 0.003  9
[CS62] E2 18    4 03 45.4 -44 28 50  8.478  0.209  0.727  0.409  0.392 0.005 0.008 0.003 0.003 0.006 10
[CS62] E2 34    4 03 04.2 -44 35 31  8.771  0.834  1.007  0.543  0.488 0.007 0.004 0.005 0.003 0.003  9
[CS62] E2 74    4 08 19.4 -41 51 41  9.337  1.661  1.405  0.748  0.656 0.009 0.009 0.003 0.001 0.002  7
[CS62] E2 20    4 03 44.9 -44 27 31  9.502  0.087  0.587  0.328  0.313 0.004 0.005 0.003 0.004 0.004  9
[CS62] E2 b     4 03 43.8 -44 47 00 11.577  0.023  0.529  0.306  0.297 0.016 0.006 0.006 0.007 0.003  3
[CS62] E2 l     4 03 21.6 -44 45 19 12.980  0.066  0.627  0.353  0.358 0.004 0.018 0.003 0.008 0.005  3
[CS62] E2 m     4 02 40.8 -44 45 09 13.097  0.485  0.806  0.439  0.384 0.010 0.008 0.003 0.003 0.007  5
[CS62] E2 o     4 02 31.8 -44 47 09 14.090  0.038  0.570  0.312  0.326 0.008 0.015 0.008 0.008 0.010  5
[CS62] E2 s     4 02 36.5 -44 47 59 14.596  0.324  0.727  0.372  0.341 0.007 0.010 0.007 0.008 0.005  4
[CS62] E2 t     4 02 49.4 -44 45 29 15.171 -0.013  0.634  0.349  0.355 0.009 0.005 0.010 0.002 0.002  3
[CS62] E2 I     4 02 44.3 -44 47 39 15.751  0.602  0.887  0.512  0.446 0.022 0.029 0.020 0.020 0.022  3
HD 49798        6 48 04.8 -44 18 59  8.279 -1.169 -0.289 -0.115 -0.147 0.007 0.014 0.006 0.002 0.004  7
[CS62] E3 19    6 41 18.6 -45 16 31  8.990  0.063  0.251  0.140  0.139 0.011 0.004 0.007 0.005 0.002  6
[CS62] E3 26    6 42 31.3 -45 21 21  9.530  0.108  0.469  0.260  0.258 0.004 0.004 0.005 0.002 0.003  8
[CS62] E3 34    6 40 10.8 -45 06 04  9.713  0.633  0.955  0.493  0.469 0.004 0.012 0.004 0.002 0.003  6
[CS62] E3 33    6 42 25.3 -45 09 12 10.053  1.116  1.158  0.580  0.520 0.003 0.008 0.006 0.005 0.004  7
[CS62] E3 55    6 43 14.1 -45 14 31 10.659  0.003  0.058  0.014  0.025 0.004 0.009 0.006 0.005 0.001  6
[CS62] E3 59    6 43 20.8 -45 12 57 11.345 -0.090  0.409  0.271  0.275 0.008 0.026 0.010 0.004 0.006  6
[CS62] E3 58    6 41 21.8 -45 20 58 11.570  0.092  0.129  0.051  0.060 0.007 0.012 0.009 0.005 0.002  6
[CS62] E3 e     6 42 36.4 -45 09 07 12.867  0.018  0.585  0.353  0.340 0.022 0.009 0.005 0.009 0.005  4
[CS62] E3 k     6 42 54.7 -45 08 35 14.078 -0.012  0.584  0.328  0.332 0.006 0.009 0.009 0.011 0.009  5
[CS62] E3 o     6 42 46.6 -45 10 46 14.804 -0.069  0.552  0.314  0.348 0.008 0.016 0.007 0.013 0.005  5
[CS62] E3 t     6 42 35.0 -45 05 25 15.514  0.167  0.733  0.428  0.420 0.018 0.031 0.013 0.014 0.015  4
[CS62] E3 v     6 42 50.4 -45 10 06 16.254 -0.033  0.509  0.312  0.347 0.025 0.033 0.014 0.031 0.030  5
[CS62] E4 33    9 25 13.1 -45 29 03  8.841  0.721  0.983  0.514  0.482 0.003 0.005 0.003 0.002 0.003 15
[CS62] E4 7     9 24 02.6 -45 28 25  9.405  0.079  0.081  0.030  0.038 0.005 0.004 0.003 0.002 0.003 11
[CS62] E4 37    9 23 08.5 -45 40 18  9.482  1.412  1.273  0.670  0.584 0.002 0.010 0.002 0.002 0.002 16
[CS62] E4 17    9 22 03.9 -45 38 34  9.604  0.171  0.200  0.132  0.145 0.006 0.011 0.003 0.002 0.002 15
[CS62] E4 108   9 18 41.8 -45 27 33  9.776  2.149  1.907  1.043  0.929 0.005 0.022 0.007 0.004 0.002 14
[CS62] E4 48    9 25 03.7 -45 17 41 10.587  0.170  0.201  0.099  0.103 0.004 0.007 0.003 0.003 0.003 18
[CS62] E4 57    9 23 50.9 -45 22 27 11.343  0.844  1.288  0.760  0.754 0.007 0.005 0.009 0.003 0.004 18
[CS62] E4 d     9 23 26.3 -45 24 53 12.595  0.141  0.638  0.394  0.384 0.010 0.010 0.013 0.004 0.006  4
[CS62] E4 h     9 23 49.9 -45 26 22 13.760  0.086  0.615  0.384  0.383 0.012 0.009 0.012 0.012 0.017  5
[CS62] E4 n     9 23 24.1 -45 24 11 15.005  0.357  0.823  0.517  0.478 0.017 0.035 0.016 0.025 0.018  4
[CS62] E4 q     9 23 43.7 -45 26 01 16.118  0.609  0.971  0.613        0.014 0.010 0.032 0.012        5
[CS62] E4 r     9 23 45.6 -45 26 01 16.73          1.088  0.702        0.050       0.033 0.031        4
[CS62] E5 41   12 07 32.7 -45 34 52  7.309 -0.057  0.011  0.018  0.018 0.004 0.008 0.003 0.003 0.003 15
[CS62] E5 34   11 56 38.7 -45 32 49  8.532  1.853  1.530  0.818  0.750 0.005 0.019 0.007 0.002 0.003 11
[CS62] E5 32   12 03 29.0 -46 09 19  9.236  1.886  1.518  0.816  0.741 0.022 0.006 0.005 0.006 0.002 10
[CS62] E5 8    12 06 32.8 -45 27 12  9.987  0.165  0.357  0.192  0.194 0.006 0.005 0.005 0.002 0.008 14
[CS62] E5 48   12 03 52.2 -45 29 38 10.519  1.305  1.260  0.646  0.578 0.007 0.018 0.005 0.003 0.003 12
[CS62] E5 46   12 04 30.1 -45 28 49 10.586  0.089  0.594  0.347  0.342 0.007 0.010 0.007 0.003 0.006 10
[CS62] E5 56   12 05 41.5 -45 55 10 10.865  0.643  0.983  0.517  0.509 0.005 0.014 0.006 0.003 0.007 12
[CS62] E5 59   12 05 24.8 -45 31 40 12.869 -0.020  0.063  0.021  0.034 0.004 0.004 0.005 0.004 0.005  6
[CS62] E5 c    12 05 27.6 -45 32 33 13.399  0.434  0.893  0.485  0.477 0.007 0.016 0.013 0.008 0.015  4
[CS62] E5 h    12 05 22.1 -45 36 44 14.225  1.116  1.261  0.663  0.642 0.010 0.039 0.013 0.006 0.008  3
[CS62] E5 k    12 05 11.1 -45 33 51 15.376  0.036  0.502  0.303  0.326 0.017 0.047 0.019 0.014 0.006  4
[CS62] E5 m  * 12 05 03.8 -45 34 16 15.814 -0.057  0.612  0.381  0.417 0.025 0.038 0.014 0.035 0.025  4
[CS62] E5 o    12 05 04.6 -45 33 49 16.525         0.704  0.400  0.407 0.017       0.017 0.017 0.025  4
[CS62] E6 98   14 44 11.0 -47 15 18  8.820  1.953  1.614  0.887  0.844 0.007 0.025 0.008 0.004 0.002 10
[CS62] E6 9    14 45 27.1 -45 39 55  9.219  0.027  0.041  0.013  0.013 0.003 0.003 0.003 0.002 0.002 15
[CS62] E6 16   14 45 15.1 -45 25 31  9.378  0.177  0.276  0.163  0.168 0.004 0.008 0.004 0.002 0.003 14
[CS62] E6 48   14 46 25.7 -45 46 03  9.584  0.939  1.108  0.562  0.523 0.008 0.006 0.004 0.003 0.002 15
[CS62] E6 49   14 47 44.4 -45 16 16 10.538  0.137  0.258  0.145  0.146 0.008 0.009 0.006 0.007 0.006 12
[CS62] E6 50   14 45 52.0 -45 15 28 10.709  0.057  0.345  0.196  0.219 0.010 0.007 0.007 0.003 0.008 10
[CS62] E6 g    14 46 23.1 -45 35 20 12.177  0.093  0.558  0.341  0.337 0.006 0.026 0.010 0.009 0.006  3
[CS62] E6 l    14 46 25.1 -45 28 49 12.336  1.340  1.319  0.702  0.624 0.009 0.016 0.013 0.013 0.020  3
[CS62] E6 n    14 46 35.4 -45 24 18 12.820  0.713  1.060  0.563  0.546 0.015 0.021 0.004 0.006 0.009  2
[CS62] E6 r    14 46 15.4 -45 25 08 14.171  0.547  0.987  0.541  0.548 0.010 0.041 0.015 0.010 0.001  2
[CS62] E7 32   17 25 40.8 -44 46 46  7.645  1.122  1.243  0.619  0.572 0.009 0.007 0.004 0.002 0.003  9
[CS62] E7 16   17 25 41.7 -45 15 58  8.093  0.216  0.243  0.142  0.147 0.003 0.005 0.002 0.002 0.003 10
[CS62] E7 11   17 27 58.3 -44 43 15  8.644  0.199  0.319  0.170  0.169 0.003 0.004 0.002 0.002 0.003  9
[CS62] E7 64   17 28 39.2 -46 53 32  9.411  1.220  1.549  1.120  1.321 0.004 0.012 0.009 0.009 0.004  8
[CS62] E7 7    17 26 53.4 -44 42 07  9.992 -0.269  0.065  0.069  0.089 0.005 0.007 0.006 0.004 0.006 11
[CS62] E7 8    17 26 15.9 -45 10 29 10.543  0.058  0.172  0.114  0.124 0.009 0.008 0.004 0.002 0.011  8
[CS62] E7 52   17 27 25.9 -44 55 16 10.777 -0.417  0.024  0.031  0.028 0.003 0.006 0.006 0.004 0.008  9
[CS62] E7 b    17 27 24.4 -45 05 27 10.956  0.388  0.612  0.413  0.424 0.005 0.005 0.006 0.002 0.003  3
[CS62] E7 m    17 27 21.6 -45 01 27 12.498  1.322  1.316  0.690  0.605 0.009 0.046 0.005 0.002 0.002  3
[CS62] E7 s    17 27 24.1 -45 01 52 14.225  0.223  0.664  0.389  0.379 0.033 0.005 0.008 0.008 0.003  4
[CS62] E7 u    17 27 14.8 -45 02 44 15.013  0.118  0.572  0.341        0.021 0.012 0.009 0.044        3
[CS62] E8 61 * 20 13 53.4 -45 09 51  7.971  1.213  1.428  0.921  0.917 0.005 0.008 0.006 0.004 0.002 10
[CS62] E8 40   20 06 55.1 -44 18 11  8.093  1.550  1.405  0.752  0.675 0.006 0.017 0.006 0.005 0.004  8
[CS62] E8 18   20 04 24.2 -45 02 00  9.314 -0.043  0.443  0.272  0.279 0.003 0.008 0.004 0.002 0.002  8
[CS62] E8 39   20 08 29.2 -44 39 06  9.511  1.007  1.121  0.566  0.518 0.004 0.009 0.004 0.002 0.004  8
[CS62] E8 47   20 05 18.1 -44 43 37 10.625  0.079  0.508  0.295  0.284 0.004 0.010 0.005 0.003 0.003 10
[CS62] E8 48   20 04 22.7 -44 58 39 10.708  0.545  0.919  0.489  0.460 0.006 0.011 0.008 0.009 0.005  8
[CS62] E8 a    20 07 36.6 -44 43 48 12.098  0.100  0.603  0.351  0.337 0.008 0.003 0.002 0.006 0.001  4
[CS62] E8 h    20 07 32.7 -44 41 28 13.308 -0.001  0.591  0.349  0.349 0.008 0.002 0.005 0.002 0.011  5
[CS62] E8 n    20 07 21.3 -44 40 12 14.459  0.045  0.590  0.341  0.328 0.004 0.014 0.006 0.007 0.009  5
[CS62] E8 p    20 07 04.8 -44 42 26 14.716  0.406  0.764  0.430  0.368 0.007 0.004 0.011 0.009 0.018  4
[CS62] E8 u    20 07 39.1 -44 42 45 15.909 -0.002  0.600  0.332  0.355 0.014 0.022 0.009 0.016 0.012  4
[CS62] E9 27   22 43 31.9 -44 33 59  9.489  1.154  1.229  0.641  0.594 0.004 0.014 0.014 0.006 0.007  6
[CS62] E9 38   22 48 06.5 -44 15 22  9.526  1.597  1.386  0.737  0.689 0.009 0.025 0.009 0.006 0.009  6
[CS62] E9 28   22 44 36.5 -44 36 39 10.372  0.790  1.033  0.542  0.502 0.007 0.016 0.005 0.005 0.006  4
[CS62] E9 47   22 45 06.2 -44 38 49 10.685  0.047  0.591  0.328  0.337 0.008 0.010 0.006 0.005 0.007  8
[CS62] E9 g    22 45 32.9 -44 17 36 12.698  0.680  0.894  0.509  0.424 0.011 0.024 0.016 0.016 0.007  3
[CS62] E9 k    22 45 44.5 -44 30 21 13.959 -0.067  0.539  0.308  0.321 0.013 0.007 0.007 0.015 0.007  3
[CS62] E9 n    22 45 30.9 -44 29 43 14.713 -0.066  0.563  0.340  0.343 0.006 0.010 0.003 0.008 0.011  5
[CS62] E9 q    22 45 25.7 -44 27 47 15.201  0.193  0.691  0.376  0.351 0.005 0.005 0.004 0.007 0.012  4
[CS62] E9 s    22 45 42.2 -44 24 41 15.573 -0.089  0.523  0.342  0.364 0.015 0.024 0.012 0.015 0.006  3
