[
    2,
    9,
    15,
    16,
    23,
    27,
    32,
    34,
    43,
    60,
    62,
    64,
    68,
    83,
    95,
    99,
    110,
    113,
    118,
    120,
    121,
    124,
    128,
    136,
    139,
    149,
    150,
    161,
    167,
    170,
    176,
    181,
    190,
    195,
    203,
    212,
    220,
    225,
    230,
    232,
    245,
    250,
    251,
    252,
    258,
    273,
    275,
    283,
    292,
    299,
    302,
    313,
    316,
    322,
    325,
    330,
    345,
    362,
    364,
    369,
    375,
    385,
    387,
    393,
    395,
    398,
    399,
    408,
    413,
    419,
    421,
    422,
    428,
    434,
    439,
    448,
    454,
    459,
    462,
    463,
    474,
    483,
    484,
    486,
    495,
    496,
    535,
    536,
    540,
    547,
    548,
    552,
    557,
    561,
    563,
    566,
    567,
    570,
    573,
    576,
    582,
    593,
    594,
    599,
    600,
    603,
    622,
    627,
    630,
    631,
    632,
    634,
    637,
    639,
    640,
    646,
    648,
    656,
    657,
    673,
    676,
    682,
    683,
    687,
    688,
    690,
    692,
    693,
    698,
    699,
    700,
    706,
    710,
    716,
    726,
    727,
    738,
    740,
    741,
    759,
    761,
    765,
    768,
    771,
    777,
    779,
    783,
    784,
    796,
    802,
    809,
    810
]